	22.00	22.00	25.00	28.00	28.00	31.00	31.00	34.00	37.00	37.00	37.00	40.00	40.00	43.00	43.00	43.00	43.00	43.00	43.00	43.00	43.00	43.00	43.00	43.00	43.00	43.00	40.00	40.00	37.00	37.00	37.00	34.00	31.00	31.00	28.00	28.00	25.00	22.00	22.00	19.00
	22.00	25.00	26.50	29.12	31.28	32.57	34.39	36.35	38.34	39.58	40.65	42.41	43.60	44.65	45.66	45.92	45.98	45.99	46.00	46.00	46.00	46.00	46.00	46.00	46.00	44.50	43.37	42.34	40.59	39.40	38.35	36.59	34.65	32.66	30.67	29.42	26.85	24.71	23.43	22.00
	25.00	26.50	28.75	31.47	33.44	35.00	37.35	38.42	40.69	42.32	43.74	45.29	45.97	47.16	48.45	48.84	48.96	48.99	49.00	49.00	49.00	49.00	49.00	49.00	48.25	46.94	46.33	45.17	43.69	42.27	40.91	38.62	36.82	35.12	33.45	31.22	29.27	26.75	25.04	22.00
	28.00	29.12	31.47	34.23	35.42	37.60	39.49	40.98	43.42	44.43	46.54	47.46	48.61	49.94	51.35	51.80	51.94	51.98	51.99	52.00	52.00	52.00	52.00	52.00	51.06	49.75	49.27	47.36	46.51	44.45	42.84	41.12	39.48	37.90	35.59	33.70	31.24	29.25	26.82	25.00
	28.00	31.28	33.44	35.42	37.71	40.33	41.45	43.61	45.51	46.99	48.63	50.02	51.41	52.84	54.30	54.77	54.93	54.98	54.99	55.00	55.00	55.00	55.00	55.00	54.02	52.69	51.49	49.96	48.62	47.02	45.46	43.89	41.59	39.87	38.12	35.70	32.99	31.06	28.47	25.00
	31.00	32.57	35.00	37.60	40.33	41.66	43.78	46.35	47.46	49.61	51.31	52.83	54.31	55.79	57.27	57.76	57.92	57.97	57.99	58.00	58.00	58.00	58.00	58.00	57.00	55.67	54.29	52.81	51.36	49.84	47.58	45.87	44.12	41.75	39.97	37.42	35.35	32.85	30.08	28.00
	31.00	34.39	37.35	39.49	41.45	43.78	46.39	48.43	49.97	52.40	53.43	55.57	57.22	58.75	59.51	60.57	60.87	60.96	60.99	61.00	61.00	61.00	61.00	61.00	59.25	58.48	57.19	55.75	53.53	51.84	50.10	48.49	46.15	44.22	41.80	39.05	37.10	34.49	32.39	31.00
	34.00	36.35	38.42	40.98	43.61	46.35	48.43	50.22	52.55	54.49	55.98	58.39	59.40	60.79	62.07	63.41	63.82	63.95	63.98	63.99	64.00	64.00	64.00	63.25	61.88	61.34	59.38	57.78	56.08	54.48	52.90	50.60	47.94	46.04	43.46	41.38	38.87	36.09	34.12	31.00
	37.00	38.34	40.69	43.42	45.51	47.46	49.97	52.55	55.27	56.44	58.60	60.50	61.97	63.44	64.88	66.32	66.79	66.93	66.98	66.99	67.00	67.00	67.00	66.06	64.73	63.52	61.98	60.44	58.88	56.59	54.87	52.37	50.33	47.84	45.08	43.11	40.50	38.40	35.88	34.00
	37.00	39.58	42.32	44.43	46.99	49.61	52.40	54.49	56.44	58.72	61.33	62.46	64.61	66.26	67.79	69.28	69.77	69.92	69.98	69.99	70.00	70.00	70.00	69.02	67.69	66.30	64.82	62.56	60.86	59.11	56.75	54.03	52.09	49.48	47.39	44.88	42.09	39.37	36.56	34.00
	37.00	40.65	43.74	46.54	48.63	51.31	53.43	55.98	58.60	61.33	62.67	64.78	67.35	68.40	70.55	72.21	72.74	72.92	72.97	72.99	73.00	73.00	73.00	72.00	70.67	68.49	66.83	65.10	62.74	60.96	58.43	56.36	53.86	51.09	48.37	46.31	43.60	40.74	38.58	37.00
	40.00	42.41	45.29	47.46	50.02	52.83	55.57	58.39	60.50	62.46	64.78	67.39	69.43	70.96	73.38	74.40	75.53	75.86	75.96	75.99	76.00	76.00	76.00	74.25	72.73	71.06	69.47	67.14	65.22	62.80	60.06	58.10	55.49	52.64	50.50	47.95	45.14	42.22	39.45	37.00
	40.00	43.60	45.97	48.61	51.41	54.31	57.22	59.40	61.97	64.61	67.35	69.43	71.22	73.54	75.48	76.97	78.38	78.81	78.94	78.98	78.99	79.00	78.25	76.88	75.40	73.86	71.58	68.93	67.04	64.46	62.38	59.87	57.09	54.18	51.42	48.59	45.68	43.48	40.73	37.00
	43.00	44.65	47.16	49.94	52.84	55.79	58.75	60.79	63.44	66.26	68.40	70.96	73.54	76.27	77.44	79.60	81.24	81.76	81.93	81.98	81.99	82.00	81.06	79.73	77.53	75.85	73.36	71.32	68.84	66.07	63.36	60.56	58.41	55.65	52.77	49.84	47.63	45.03	42.19	40.00
	43.00	45.66	48.45	51.35	54.30	57.27	59.51	62.07	64.88	67.79	70.55	73.38	75.48	77.44	79.72	82.33	83.39	84.54	84.87	84.96	84.99	85.00	83.26	81.75	80.07	77.73	75.02	73.09	70.48	67.64	64.75	62.58	60.00	57.16	54.23	51.27	48.47	45.63	42.70	40.00
	43.00	45.92	48.84	51.80	54.77	57.76	60.57	63.41	66.32	69.28	72.21	74.40	76.97	79.60	82.33	83.67	85.76	87.33	87.80	87.94	87.98	87.24	85.88	83.66	81.93	79.42	77.36	74.86	72.09	69.18	66.23	63.45	60.61	57.69	54.73	51.75	48.81	45.86	42.89	40.00
	43.00	45.98	48.96	51.94	54.93	57.92	60.87	63.82	66.79	69.77	72.74	75.53	78.38	81.24	83.39	85.76	88.38	90.18	90.74	90.92	90.98	90.06	87.98	86.16	83.77	81.05	78.35	75.55	72.66	69.71	66.74	63.80	60.85	57.89	54.90	51.91	48.93	45.95	42.96	40.00
	43.00	45.99	48.99	51.98	54.98	57.97	60.96	63.95	66.93	69.92	72.92	75.86	78.81	81.76	84.54	87.33	90.18	92.09	93.46	93.84	93.96	92.25	89.81	87.24	84.50	81.64	78.75	75.83	72.87	69.90	66.91	63.93	60.94	57.96	54.97	51.97	48.97	45.98	42.98	40.00
	43.00	46.00	49.00	51.99	54.99	57.99	60.99	63.98	66.98	69.98	72.97	75.96	78.94	81.93	84.87	87.80	90.74	93.46	95.23	96.52	95.37	93.16	90.49	87.68	84.80	81.86	78.90	75.93	72.95	69.96	66.97	63.97	60.98	57.98	54.99	51.99	48.99	45.99	42.99	40.00
	43.00	46.00	49.00	52.00	55.00	58.00	61.00	63.99	66.99	69.99	72.99	75.99	78.98	81.98	84.96	87.94	90.92	93.84	96.52	96.76	95.78	93.48	90.74	87.86	84.91	81.94	78.96	75.97	72.98	69.99	66.99	63.99	60.99	57.99	55.00	52.00	49.00	46.00	43.00	40.00
	43.00	46.00	49.00	52.00	55.00	58.00	61.00	64.00	67.00	70.00	73.00	76.00	78.99	81.99	84.99	87.98	90.98	93.96	95.37	95.78	94.89	93.34	90.77	87.91	84.96	81.97	78.98	75.99	72.99	69.99	67.00	64.00	61.00	58.00	55.00	52.00	49.00	46.00	43.00	40.00
	43.00	46.00	49.00	52.00	55.00	58.00	61.00	64.00	67.00	70.00	73.00	76.00	79.00	82.00	85.00	87.24	90.06	92.25	93.16	93.48	93.34	92.17	89.74	86.91	84.72	81.92	78.98	75.99	73.00	70.00	67.00	64.00	61.00	58.00	55.00	52.00	49.00	46.00	43.00	40.00
	43.00	46.00	49.00	52.00	55.00	58.00	61.00	64.00	67.00	70.00	73.00	76.00	78.25	81.06	83.26	85.88	87.98	89.81	90.49	90.74	90.77	89.74	87.37	86.07	83.70	80.90	77.97	75.74	72.93	69.98	67.00	64.00	61.00	58.00	55.00	52.00	49.00	46.00	43.00	40.00
	43.00	46.00	49.00	52.00	55.00	58.00	61.00	63.25	66.06	69.02	72.00	74.25	76.88	79.73	81.75	83.66	86.16	87.24	87.68	87.86	87.91	86.91	86.07	84.03	81.43	79.33	77.33	74.77	71.93	68.98	65.99	63.00	60.75	57.94	54.98	52.00	49.00	46.00	43.00	40.00
	43.00	46.00	48.25	51.06	54.02	57.00	59.25	61.88	64.73	67.69	70.67	72.73	75.40	77.53	80.07	81.93	83.77	84.50	84.80	84.91	84.96	84.72	83.70	81.43	80.22	77.89	75.30	72.52	70.36	67.58	64.64	62.41	59.79	56.93	53.98	50.99	48.00	45.75	42.94	40.00
	43.00	44.50	46.94	49.75	52.69	55.67	58.48	61.34	63.52	66.30	68.49	71.06	73.86	75.85	77.73	79.42	81.05	81.64	81.86	81.94	81.97	81.92	80.90	79.33	77.89	75.44	73.44	71.49	68.96	66.14	63.20	61.15	58.49	55.60	52.65	49.66	47.41	44.79	41.93	40.00
	40.00	43.37	46.33	49.27	51.49	54.29	57.19	59.38	61.98	64.82	66.83	69.47	71.58	73.36	75.02	77.36	78.35	78.75	78.90	78.96	78.98	78.98	77.97	77.33	75.30	73.44	71.72	69.30	66.57	64.43	62.41	59.89	57.09	54.17	51.21	48.97	46.35	43.53	40.62	37.00
	40.00	42.34	45.17	47.36	49.96	52.81	55.75	57.78	60.44	62.56	65.10	67.14	68.93	71.32	73.09	74.86	75.55	75.83	75.93	75.97	75.99	75.99	75.74	74.77	72.52	71.49	69.30	66.65	65.30	62.93	60.33	57.56	55.41	52.65	50.46	47.86	45.05	42.15	39.19	37.00
	37.00	40.59	43.69	46.51	48.62	51.36	53.53	56.08	58.88	60.86	62.74	65.22	67.04	68.84	70.48	72.09	72.66	72.87	72.95	72.98	72.99	73.00	72.93	71.93	70.36	68.96	66.57	65.30	63.15	60.52	58.46	56.50	53.98	51.16	48.40	46.32	43.59	40.68	38.47	37.00
	37.00	39.40	42.27	44.45	47.02	49.84	51.84	54.48	56.59	59.11	60.96	62.80	64.46	66.07	67.64	69.18	69.71	69.90	69.96	69.99	69.99	70.00	69.98	68.98	67.58	66.14	64.43	62.93	60.52	59.26	56.93	54.36	51.58	49.44	47.46	44.94	42.13	39.20	37.17	34.00
	37.00	38.35	40.91	42.84	45.46	47.58	50.10	52.90	54.87	56.75	58.43	60.06	62.38	63.36	64.75	66.23	66.74	66.91	66.97	66.99	67.00	67.00	67.00	65.99	64.64	63.20	62.41	60.33	58.46	56.93	54.47	52.46	50.51	47.99	45.36	42.58	40.43	38.41	35.89	34.00
	34.00	36.59	38.62	41.12	43.89	45.87	48.49	50.60	52.37	54.03	56.36	58.10	59.87	60.56	62.58	63.45	63.80	63.93	63.97	63.99	64.00	64.00	64.00	63.00	62.41	61.15	59.89	57.56	56.50	54.36	52.46	50.73	48.31	45.57	43.48	41.52	38.99	36.35	33.56	31.00
	31.00	34.65	36.82	39.48	41.59	44.12	46.15	47.94	50.33	52.09	53.86	55.49	57.09	58.41	60.00	60.61	60.85	60.94	60.98	60.99	61.00	61.00	61.00	60.75	59.79	58.49	57.09	55.41	53.98	51.58	50.51	48.31	45.65	44.31	41.95	39.37	36.59	34.48	32.51	31.00
	31.00	32.66	35.12	37.90	39.87	41.75	44.22	46.04	47.84	49.48	51.09	52.64	54.18	55.65	57.16	57.69	57.89	57.96	57.98	57.99	58.00	58.00	58.00	57.94	56.93	55.60	54.17	52.65	51.16	49.44	47.99	45.57	44.31	42.15	39.53	37.47	35.52	33.00	30.38	28.00
	28.00	30.67	33.45	35.59	38.12	39.97	41.80	43.46	45.08	47.39	48.37	50.50	51.42	52.77	54.23	54.73	54.90	54.97	54.99	55.00	55.00	55.00	55.00	54.98	53.98	52.65	51.21	50.46	48.40	47.46	45.36	43.48	41.95	39.53	38.26	35.93	33.36	30.59	28.49	25.00
	28.00	29.42	31.22	33.70	35.70	37.42	39.05	41.38	43.11	44.88	46.31	47.95	48.59	49.84	51.27	51.75	51.91	51.97	51.99	52.00	52.00	52.00	52.00	52.00	50.99	49.66	48.97	47.86	46.32	44.94	42.58	41.52	39.37	37.47	35.93	33.47	30.71	29.32	26.95	25.00
	25.00	26.85	29.27	31.24	32.99	35.35	37.10	38.87	40.50	42.09	43.60	45.14	45.68	47.63	48.47	48.81	48.93	48.97	48.99	49.00	49.00	49.00	49.00	49.00	48.00	47.41	46.35	45.05	43.59	42.13	40.43	38.99	36.59	35.52	33.36	30.71	29.35	27.17	24.53	22.00
	22.00	24.71	26.75	29.25	31.06	32.85	34.49	36.09	38.40	39.37	40.74	42.22	43.48	45.03	45.63	45.86	45.95	45.98	45.99	46.00	46.00	46.00	46.00	46.00	45.75	44.79	43.53	42.15	40.68	39.20	38.41	36.35	34.48	33.00	30.59	29.32	27.17	24.58	23.28	22.00
	22.00	23.43	25.04	26.82	28.47	30.08	32.39	34.12	35.88	36.56	38.58	39.45	40.73	42.19	42.70	42.89	42.96	42.98	42.99	43.00	43.00	43.00	43.00	43.00	42.94	41.93	40.62	39.19	38.47	37.17	35.89	33.56	32.51	30.38	28.49	26.95	24.53	23.28	21.14	19.00
	19.00	22.00	22.00	25.00	25.00	28.00	31.00	31.00	34.00	34.00	37.00	37.00	37.00	40.00	40.00	40.00	40.00	40.00	40.00	40.00	40.00	40.00	40.00	40.00	40.00	40.00	37.00	37.00	37.00	34.00	34.00	31.00	31.00	28.00	25.00	25.00	22.00	22.00	19.00	16.00
